1000
20
6 872
9 220
7 360
3 321
10 199
2 518
3 292
2 833
5 717
6 140
9 497
3 749
10 409
2 279
5 489
8 970
6 367
4 636
1 166
2 652
8 852
1 764
3 816
1 597
1 491
1 282
10 816
9 233
8 894
8 851
6 548
6 755
8 778
3 597
9 267
8 780
2 577
3 897
3 980
3 651
10 425
6 566
9 788
9 824
4 705
3 283
3 455
9 420
1 555
9 985
1 278
7 834
9 811
4 912
7 943
8 895
2 962
4 229
10 331
7 791
6 560
8 270
8 924
7 418
6 597
4 850
4 821
1 205
7 756
1 182
1 757
6 843
7 164
6 223
7 513
3 903
3 732
5 594
4 916
1 648
1 221
3 710
1 876
9 142
3 654
3 907
4 433
5 777
9 310
10 486
3 147
4 515
10 319
2 706
8 801
5 504
10 435
1 644
3 276
10 375
2 596
9 184
2 836
10 255
3 632
3 660
7 186
5 989
10 406
7 200
3 826
6 630
3 635
3 355
2 239
3 298
3 824
6 507
8 972
6 637
6 590
4 808
8 774
10 986
1 145
5 716
3 831
9 438
6 566
10 648
9 257
8 677
8 932
2 201
1 983
9 290
4 765
4 209
5 146
9 112
6 488
9 728
3 723
8 357
3 713
7 329
2 662
4 270
2 616
4 141
10 471
4 198
1 804
10 296
5 929
5 339
3 744
2 150
5 392
10 540
1 689
7 870
3 483
3 337
6 299
5 603
6 922
7 116
2 854
7 292
6 845
8 492
6 746
7 533
8 661
10 261
7 267
4 848
4 717
10 583
9 117
8 732
3 820
9 324
9 130
9 879
6 214
6 972
7 498
1 782
8 930
10 611
6 996
1 334
1 679
10 555
8 710
8 299
10 341
2 890
7 961
8 124
7 432
8 848
10 609
6 266
8 261
2 177
6 677
1 988
7 849
8 606
3 601
8 804
3 392
5 358
4 827
7 665
6 371
4 547
5 571
2 616
3 258
1 295
4 874
2 295
6 948
2 265
4 160
5 568
1 618
5 198
8 422
4 178
2 792
2 597
6 946
10 762
1 396
7 935
10 336
7 816
10 892
1 676
8 433
3 665
8 348
4 925
7 984
3 928
8 806
3 109
10 288
8 782
2 456
3 640
10 686
3 812
4 149
1 360
4 218
9 885
5 234
10 257
6 449
1 799
6 116
4 311
2 294
3 213
10 609
9 464
3 512
6 844
5 762
6 781
7 545
3 406
6 746
10 809
6 322
4 370
1 353
7 605
9 522
3 697
3 989
5 689
3 435
9 907
6 455
4 813
2 525
2 572
2 407
4 457
10 119
5 692
8 855
8 214
2 127
5 884
1 882
6 980
4 300
1 417
8 311
8 764
6 209
7 871
6 388
6 927
1 612
10 632
4 251
5 753
5 568
2 721
6 489
6 591
5 468
1 976
8 365
8 621
6 320
6 321
5 249
5 319
3 632
10 910
7 326
6 861
1 411
9 478
7 354
4 645
6 784
5 858
9 754
7 867
9 371
9 483
4 377
10 637
10 608
4 169
10 696
7 222
3 267
2 737
2 367
3 921
5 535
4 747
1 353
6 886
2 872
6 894
4 417
4 121
9 965
6 634
8 494
6 194
6 245
6 101
10 529
3 387
10 712
1 444
10 931
4 724
9 391
8 606
5 315
10 137
3 354
1 257
7 482
2 176
7 752
2 358
8 1000
5 386
8 266
4 478
9 557
5 669
8 184
10 253
1 260
8 421
10 483
8 119
10 281
2 128
5 272
4 487
10 520
9 447
3 129
9 983
9 261
5 575
8 201
7 735
2 601
10 566
10 175
9 261
10 250
9 790
4 854
9 281
6 536
10 789
10 663
10 628
6 154
9 531
1 751
6 568
6 771
7 496
8 548
1 928
9 357
6 769
9 906
9 930
3 462
3 745
3 284
10 926
9 232
9 134
3 427
8 324
9 799
5 418
5 873
8 107
7 509
4 167
10 332
8 860
9 943
8 309
4 165
2 299
5 303
8 560
6 251
2 208
8 193
2 148
8 303
7 307
4 132
8 371
9 367
7 200
3 858
6 509
5 389
1 500
4 327
10 613
1 992
6 251
2 837
10 925
5 468
2 260
2 147
9 191
9 372
5 488
2 371
7 168
8 905
2 895
4 723
4 382
7 373
9 731
10 867
5 803
7 713
7 132
8 763
3 357
2 368
4 332
5 820
6 867
5 108
1 790
6 857
4 512
4 499
9 625
4 215
2 669
5 694
10 776
3 597
7 432
10 486
7 417
8 688
8 391
9 668
9 652
9 798
8 589
9 526
4 261
8 155
2 191
1 206
1 980
2 580
6 812
7 990
6 250
10 239
8 952
3 255
5 835
6 438
9 686
5 720
6 265
10 751
4 841
4 590
2 839
7 388
5 806
6 643
3 606
3 695
5 512
7 213
5 906
8 629
2 262
3 441
9 693
10 657
6 101
3 258
7 969
4 507
8 600
1 203
6 908
1 901
8 100
5 183
4 974
10 858
1 187
1 695
9 748
6 591
9 414
4 354
6 581
7 892
9 782
6 821
3 895
9 566
2 270
7 768
3 238
3 120
9 631
7 228
4 468
1 154
9 362
10 116
8 522
8 939
6 782
5 750
6 363
7 404
1 897
5 921
4 917
2 201
6 427
8 759
5 714
10 739
1 161
9 596
6 747
3 400
10 372
4 838
8 263
4 975
7 180
10 819
2 182
6 154
10 424
2 977
5 185
2 932
9 613
4 190
1 593
4 784
5 578
10 877
1 851
6 329
2 410
8 185
5 590
5 923
5 295
4 647
10 484
5 338
9 654
1 711
2 986
10 352
1 125
9 785
1 824
3 557
2 680
5 217
1 198
1 469
8 768
1 653
7 878
2 280
1 281
6 876
7 333
7 844
9 175
6 310
9 600
9 964
8 853
2 785
9 517
1 666
1 154
7 201
8 113
10 859
6 344
8 645
1 948
1 985
7 634
4 216
3 301
5 755
10 171
4 590
10 109
7 604
8 733
4 675
3 440
7 536
7 666
10 673
9 669
3 653
10 280
2 663
10 926
3 582
3 666
4 332
1 433
9 596
3 202
7 389
1 941
3 791
1 207
1 375
4 919
8 239
7 503
9 882
10 395
7 827
9 199
10 942
3 311
2 488
9 822
5 604
3 599
5 514
9 572
3 881
6 565
10 405
8 385
9 523
8 921
1 920
10 145
4 143
8 676
6 587
8 314
5 758
7 532
3 475
6 618
3 629
9 496
5 889
6 499
8 603
6 919
7 568
7 911
4 220
10 988
7 152
4 482
5 956
3 523
5 351
4 192
3 125
9 809
6 709
10 132
5 986
10 875
10 526
7 124
7 448
10 229
8 779
10 483
3 215
10 863
7 794
3 959
1 351
1 680
2 308
8 646
8 484
8 721
5 581
2 193
4 231
6 973
8 841
10 899
7 418
2 420
2 490
4 553
4 416
8 833
6 343
4 765
4 708
1 737
6 530
4 519
4 251
10 129
3 315
2 333
2 498
8 385
3 635
4 950
1 740
4 872
7 648
9 587
8 668
1 115
7 236
1 722
7 704
8 376
4 775
5 485
1 529
8 774
5 392
5 903
1 812
8 371
5 438
8 639
10 492
10 973
5 345
6 408
10 122
1 520
3 559
4 221
2 757
4 300
6 869
2 924
8 555
5 572
5 388
7 568
1 350
10 123
2 661
6 303
3 109
1 615
5 441
4 191
4 478
3 332
6 552
6 173
2 493
1 948
1 534
10 421
3 397
2 388
7 503
3 797
3 616
8 964
1 664
1 493
8 995
1 428
2 456
4 480
7 624
6 706
8 168
7 101
5 984
5 655
6 861
8 924
6 259
4 198
3 591
4 416
5 686
10 291
2 865
7 573
1 805
4 105
6 284
5 644
8 915
7 422
6 844
1 529
1 134
5 885
3 673
5 520
4 573
4 145
9 894
8 460
8 307
1 747
8 607
8 199
4 136
9 156
10 145
2 910
9 759
3 810
6 651
4 354
4 869
3 920
6 591
1 138
9 548
3 497
5 383
4 825
1 199
8 981
5 809
6 819
6 758
8 463
10 250
2 624
5 518
9 550
1 719
4 384
2 911
5 294
4 280
10 253
10 594
6 243
9 149
5 823
5 543
1 148
4 639
2 929
5 335
8 952
3 153
8 732
3 927
9 720
7 477
1 929
1 553
7 411
8 544
9 155
9 355
1 875
7 159
9 750
1 114
8 965
9 369
4 767
6 495
9 390
6 295
8 604
5 608
4 223
10 216
4 454
8 180
4 654
9 709
2 649
3 752
8 330
1 399
3 954
8 525
10 236
10 853
3 544
6 234
9 500
5 504
8 905
4 882
5 510
3 316
6 834
5 169
7 697
5 683
6 926
10 610
4 225
8 689
2 659
8 285
10 598
4 849
5 827
8 367
7 690
4 793
1 466
10 770
4 700
9 222
10 343
